4294967278,177
4294967294,1419
4294967279,341
165,5
165,4
165,3
165,2
165,1
4294967279,272
4294967279,136
4294967278,136
163,4
163,3
163,2
163,1
4294967279,134
4294967294,1417
4294967279,133
4294967279,268
4294967278,337
162,6
162,5
4294967278,270
162,4
162,3
162,2
162,1
4294967279,264
4294967278,265
4294967278,266
161,5
4294967279,258
4294967278,264
161,4
4294967279,257
161,3
161,2
161,1
4294967278,262
160,5
160,4
160,3
160,2
160,1
4294967278,255
4294967279,250
159,5
4294967279,249
4294967278,250
159,4
159,3
159,2
159,1
4294967278,247
4294967279,247
4294967279,243
4294967278,243
4294967278,241
4294967278,238
4294967279,237
4294967278,237
4294967279,236
4294967278,236
4294967279,231
157,4
157,3
157,2
157,1
4294967279,227
4294967294,115
4294967278,226
4294967279,340
4294967278,221
4294967279,339
4294967278,217
4294967279,216
4294967278,215
4294967278,325
4294967279,207
4294967279,574
4294967279,548
4294967278,376
4294967278,375
4294967279,573
4294967278,201
4294967279,201
4294967278,200
4294967279,200
4294967278,199
4294967279,199
4294967278,235
4294967278,229
4294967278,225
4294967278,223
4294967279,238
4294967279,234
4294967279,232
4294967279,230
4294967279,55
4294967279,54
4294967279,53
4294967279,52
4294967279,51
4294967279,50
4294967279,49
4294967279,48
4294967279,47
4294967279,46
4294967279,45
4294967279,41
4294967279,39
4294967279,38
4294967279,37
4294967279,36
4294967279,34
4294967278,359
4294967279,561
4294967278,358
4294967279,196
4294967294,1095
4294967278,194
4294967279,194
4294967278,193
4294967279,193
4294967278,191
4294967279,191
4294967278,190
4294967279,189
4294967278,188
4294967279,188
4294967278,186
4294967279,186
4294967278,185
4294967279,184
4294967278,183
4294967279,182
4294967278,181
4294967278,179
4294967279,338
4294967278,169
4294967278,164
4294967278,160
4294967279,44
4294967279,569
4294967279,35
4294967294,467
4294967294,113
4294967279,43
4294967279,42
4294967279,40
4294967278,149
156,5
156,4
156,2
156,1
154,4
154,3
154,2
154,1
4294967294,1418
153,6
4294967278,134
153,5
153,4
153,3
153,2
153,1
4294967279,278
152,5
4294967278,269
152,4
152,3
152,2
152,1
4294967279,263
4294967279,262
151,5
151,4
151,3
151,2
151,1
4294967279,568
4294967278,256
150,5
150,4
150,3
150,2
150,1
4294967278,245
148,4
148,3
148,2
148,1
4294967294,399
4294967294,167
4294967294,444
4294967294,183
4294967294,398
4294967278,231
4294967279,70
4294967279,69
4294967279,68
4294967279,67
4294967279,66
4294967279,65
4294967279,64
4294967279,63
4294967279,62
4294967279,61
4294967279,60
4294967279,59
4294967279,58
4294967279,57
4294967279,56
4294967279,106
4294967279,105
4294967279,103
4294967279,102
4294967279,101
4294967279,100
4294967279,99
4294967279,98
4294967279,97
4294967279,96
4294967279,95
4294967279,94
4294967279,93
4294967279,92
4294967279,91
4294967279,90
4294967279,89
4294967279,87
4294967279,86
4294967279,85
4294967279,84
4294967279,83
4294967279,82
4294967279,81
4294967279,80
4294967279,79
4294967279,78
4294967279,77
4294967279,76
4294967279,75
4294967279,74
4294967279,73
4294967279,72
4294967279,71
4294967279,104
4294967278,35
4294967278,34
4294967278,33
4294967278,32
4294967278,30
4294967278,27
4294967278,26
4294967278,25
4294967278,23
4294967278,21
4294967278,20
4294967278,19
4294967278,18
4294967278,16
4294967278,260
4294967278,13
4294967278,12
4294967278,11
4294967278,10
4294967278,9
4294967278,8
4294967278,7
4294967278,6
4294967278,5
4294967278,4
4294967279,132
4294967279,131
4294967279,130
4294967279,129
4294967279,252
4294967279,128
4294967279,127
4294967279,126
4294967279,125
4294967279,124
4294967279,123
4294967279,122
4294967279,121
4294967279,120
4294967279,119
4294967279,118
4294967279,117
4294967279,116
4294967279,115
4294967279,114
4294967279,113
4294967279,112
4294967279,111
4294967279,110
4294967279,109
4294967279,108
4294967279,107
4294967279,19
4294967279,18
4294967279,13
4294967279,12
4294967278,176
4294967278,175
4294967278,173
4294967278,172
4294967279,570
4294967278,165
4294967278,163
147,5
4294967278,162
147,4
147,2
147,1
4294967278,161
4294967278,159
4294967278,158
4294967278,157
4294967278,156
4294967278,155
145,4
145,3
145,2
145,1
4294967278,154
4294967278,153
4294967278,152
144,6
144,5
144,4
144,3
144,2
144,1
4294967278,144
4294967278,143
4294967278,293
143,5
143,4
143,3
143,2
143,1
142,5
142,4
142,3
142,2
142,1
4294967279,279
4294967278,286
141,5
141,4
4294967279,261
141,3
141,2
141,1
4294967279,337
4294967278,379
139,4
139,3
139,2
139,1
4294967279,519
4294967279,251
4294967279,550
4294967278,252
4294967294,449
4294967294,464
4294967294,108
4294967294,466
4294967294,189
4294967278,251
4294967279,564
4294967278,37
4294967278,36
4294967278,31
4294967278,28
4294967278,22
4294967278,239
4294967279,513
4294967278,380
138,5
138,4
138,2
138,1
4294967278,395
4294967278,0
136,4
136,3
136,2
136,1
135,6
4294967278,302
135,5
135,4
135,3
135,2
135,1
134,5
134,4
134,3
134,2
134,1
4294967278,38
4294967278,148
4294967278,145
4294967278,147
133,5
133,4
133,3
133,2
133,1
4294967278,29
132,5
4294967278,140
4294967278,139
132,4
132,3
132,2
132,1
4294967278,138
4294967278,277
4294967278,24
4294967279,336
4294967279,335
4294967278,135
4294967278,133
4294967279,271
4294967279,270
4294967278,274
4294967279,528
130,4
4294967279,277
130,3
130,2
130,1
4294967294,393
4294967279,265
4294967278,271
4294967294,178
4294967294,405
4294967294,391
4294967279,273
4294967279,259
4294967294,89
4294967279,256
4294967278,17
4294967278,15
4294967278,14
4294967279,16
4294967279,11
4294967278,378
4294967279,566
4294967294,1093
4294967294,1013
4294967294,998
4294967294,421
4294967294,190
4294967294,163
4294967294,161
4294967279,565
129,5
129,4
129,2
129,1
127,4
127,3
127,2
127,1
126,6
4294967279,334
4294967278,329
4294967278,354
126,5
126,4
126,3
126,2
126,1
4294967279,333
125,5
125,4
125,3
125,2
125,1
4294967294,392
124,5
124,4
124,3
124,2
124,1
123,5
123,4
123,3
123,2
123,1
4294967294,468
4294967294,390
4294967294,1
4294967294,1001
4294967294,186
4294967294,1175
4294967294,99
4294967294,76
4294967279,532
121,4
121,3
121,2
121,1
0,7
4294967278,340
4294967294,0
4294967294,388
4294967294,387
4294967294,46
4294967294,389
4294967294,120
4294967294,114
4294967279,286
4294967278,292
4294967278,291
4294967294,1000
4294967294,395
4294967294,29
4294967294,28
4294967294,420
4294967294,1171
4294967294,407
4294967294,179
4294967294,27
4294967294,169
4294967294,450
4294967294,456
4294967294,408
4294967294,386
4294967294,109
4294967294,2
4294967279,531
4294967279,530
4294967278,370
4294967294,42
4294967294,40
4294967294,38
4294967294,37
4294967279,285
4294967294,107
4294967294,91
4294967294,90
4294967294,87
4294967294,86
4294967294,85
4294967294,84
4294967294,1174
4294967294,1017
4294967294,1173
4294967294,419
4294967294,1016
4294967294,53
4294967294,45
4294967294,427
4294967294,44
4294967294,424
